# oST version 5.0 parameters


[image]

width
640

height
480

[narrow_stereo]

camera matrix
722.270717 0.000000 318.509299
0.000000 721.443725 229.325521
0.000000 0.000000 1.000000

distortion
0.079570 -0.098017 -0.001153 -0.002621 0.000000

rectification
1.000000 0.000000 0.000000
0.000000 1.000000 0.000000
0.000000 0.000000 1.000000

projection
732.283508 0.000000 316.774731 0.000000
0.000000 732.249146 228.477952 0.000000
0.000000 0.000000 1.000000 0.000000
