# oST version 5.0 parameters


[image]

width
640

height
480

[narrow_stereo]

camera matrix
723.234465 0.000000 336.374435
0.000000 722.546028 256.239020
0.000000 0.000000 1.000000

distortion
0.072954 -0.082569 0.000317 0.003951 0.000000

rectification
1.000000 0.000000 0.000000
0.000000 1.000000 0.000000
0.000000 0.000000 1.000000

projection
732.189331 0.000000 337.660559 0.000000
0.000000 733.358765 255.725186 0.000000
0.000000 0.000000 1.000000 0.000000
